                            表 4-21 冲击次数对 5 支卷烟通风率的影响（单位：%）

                        Table 4-21 Impact times on ventilation rate of five cigarettes (unit: %)

           冲击次数                     0                   1             2            3             4      5
    卷烟
               1                  18.43              18.44         18.44         18.45         18.67  18.78
               2                  18.44              18.44         18.45         18.47         18.68  18.68
               3                  18.44              18.44         18.44         18.47         18.49  18.66
1#             4                  18.44              18.45         18.45         18.45         18.64  18.68
               5                  18.44              18.45         18.44         18.47         18.63  18.72
           平均值                    18.44              18.44         18.44         18.46         18.62  18.70
               1                  18.44              18.44         18.48         18.56         18.45  18.45
               2                  18.44              18.44         18.45         18.45         18.45  18.45
2#             3                  18.44              18.44         18.45         18.56         18.49  18.47
               4                  18.44              18.44         18.45         18.47         18.47  18.52
               5                  18.44              18.44         18.44         18.47         18.49  18.44
           平均值                    18.44              18.44         18.45         18.50         18.47  18.47
               1                  18.40              18.44         18.57         18.72         18.81  18.83
               2                  18.37              18.44         18.44         18.66         18.78  18.85
3#             3                  18.27              18.44         18.50         18.70         18.77  18.80
               4                  18.41              18.44         18.45         18.55         18.82  18.84
               5                  18.37              18.44         18.45         18.86         18.84  18.82
           平均值                    18.36              18.44         18.48         18.70         18.80  18.83
               1                  18.43              18.44         18.45         18.47         18.45  18.61
               2                  18.38              18.44         18.46         18.54         18.70  18.63
               3                  18.40              18.44         18.45         18.53         18.53  18.83
4#             4                  18.44              18.44         18.45         18.50         18.48  18.83
               5                  18.44              18.44         18.45         18.45         18.76  18.60
           平均值                    18.42              18.44         18.45         18.50         18.58  18.70
               1                  17.16              17.18         17.17         17.18         17.18  17.29
               2                  17.17              17.18         17.18         17.18         17.18  17.57
5#             3                  17.17              17.18         17.18         17.18         17.18  17.50
               4                  17.18              17.18         17.18         17.18         17.18  17.51
               5                  17.18              17.18         17.18         17.18         17.19  17.32
           平均值                    17.17              17.18         17.18         17.18         17.18  17.44
        （1）冲击次数对 1#卷烟通风率的影响：
                                                  4-22 方差分析

                                           Table 4-22 Analysis of Variance

                来源            自由度            SS            MS        F 值                 P 值

                                                         37