             5              13.10           13.12       13.15       13.15     13.21      13.23
          平均值               13.10           13.14       13.15       13.17     13.23      13.23
             1              16.16           16.18       16.40       16.34     16.40      16.45
             2              16.10           16.24       16.42       16.32     16.37      16.45
3#           3              16.10           16.18       16.40       16.32     16.32      16.42
             4              16.10           16.16       16.40       16.32     16.42      16.48
             5              16.10           16.16       16.32       16.32     16.42      16.48
          平均值               16.11           16.18       16.39       16.32     16.39      16.46
             1              15.27           15.46       15.41       15.43     15.70      15.54
             2              15.25           15.46       15.41       15.43     15.65      15.49
4#           3              15.24           15.46       15.41       15.43     15.62      15.49
             4              15.22           15.46       15.38       15.46     15.59      15.49
             5              15.24           15.49       15.41       15.46     15.59      15.49
          平均值               15.24           15.47       15.40       15.44     15.63      15.50
             1              18.68           18.65       18.63       18.60     18.76      18.84
             2              18.65           18.65       18.65       18.57     18.65      18.87
5#           3              18.63           18.65       18.63       18.57     18.65      18.89
             4              18.63           18.65       18.55       18.65     18.65      18.92
             5              18.63           18.60       18.60       18.60     18.65      18.92
          平均值               18.64           18.64       18.61       18.60     18.67      18.89
      （1）冲击次数对 1#卷烟通风率的影响：
                                        表 4-15 方差分析

                                   Table 4-15 Analysis of Variance

          来源         自由度              SS               MS            F 值        P 值

       冲击次数             5          0.67834         0.135667         121.49   小于 0.01

          误差           24          0.02680         0.001117
          合计           29          0.70514
      （a）通过方差分析可以看出，冲击次数显著影响 1#卷烟的通风率。随着冲击次数的不
 断增加，卷烟通风率总体上不断增大，但第 3 次冲击与第 2 次冲击引起的通风率变化相同，
 第 5 次冲击比第 4 次冲击引起的通风率变化偏小。
      （b）五次冲击引起的卷烟通风率变化值分别为 0.15%、0.25%、0.25%、0.47%、0.38%。
      （2）冲击次数对 2#卷烟通风率的影响：
                                        表 4-16 方差分析

                                   Table 4-16 Analysis of Variance

        来源                自由度                SS                MS           F 值       P 值

                                               34