第１２期                                  陈昆燕，等：七种卷烟材料对卷烟通风率的效应分析                                                             １３３
                                                     1                          1                        1       1
                0.8                                                                           1      0 0           Q4,
                                                                                                      0
                                                                                                      8
                                                                                                     are         1039848
                                                                                                               46521
                       0.1 0.2 0.3 0.4 0.5 0.6 0.7 0.8 0.9 10                   0.1 0.2 0.3 0.44 0.5 0.6 0.7 0.8 0.9 1.0
                                (a)EE-jR#~16.91,1-12.61;9.05                              (6) _
                      F-15.41,+58.051,                                       Y-1L.92-23.20X,+13.904,+71.40421,+15.014,
                                (1,-1,0.5.0.5.0.5)                                       (0.5.1,-1,0.5.0.5.0.5)
                1.0                                                                                                435
                                                  1                                                    584
                0.8                   0        1           385 8ta20                                  7588
                                             1                                                                     96 46
                                                                                                      6120        7529
                                             149.9616 %9, 24,3164791.5126                             468          55,2
                                  1                        197.1591
                                                         441499818
                                          35,6272        3027
                       0.|  0.2 0.3 0.4 0.5 0.6 0.7 0.8 0.9 10                  0.1 0.2 0.3 0.4 0.5 0.6 0.7 0.8 0.9 |.0
                                                                                          (d)KA--jRR
                         Y-18.80-10.354,+27.254,+44.704,45                       Y-18.87-23.20.4,+40.414,+20.604,K,
                                (05.1,0.5.0.5.1,0.5)                                    (0.5.0.5_1,0.5.1,.0.5)
                                              3973
                                                            739,73
                                              223           2823
                                                           1673
                                                            5,2
                                                             6.21
                                                           4n1
                                                             29.27
                                             ~1777
                                                           ~MTI
                                                            76227
                            0.2 0.3 0.4 0.5 0.6 0.7 0.8 0.9 10
                                 ()E,Kt-jA#
                          Y-18.87-23.201,+44.961,+H.S01,1,(05.05.1,05.0..10
                                   图３      其余因子取中值时各因子交互作用等高曲线图
２５ ．    边际卷烟通风率效应结果
      各模型中因子求偏导，结果见表５．